1 0 0
2 1 1
3 2 3
4 4 4
5 6 5
6 8 9
7 10 11
8 12 14
9 13 18
10 15 22
11 16 29
12 18 31
13 19 39
14 21 42
15 22 56
16 23 64
17 25 70
18 27 73
19 29 73
20 31 73
21 32 93
22 34 107
23 35 127
24 36 150
25 37 170
26 38 184
27 39 198
28 41 219
29 42 241
30 43 267
31 44 295
32 45 310
33 46 324
34 48 332
35 49 359
36 50 379
37 51 415
38 52 441
39 54 459
40 55 497
41 57 524
42 58 565
43 60 567
44 62 573
45 63 611
46 65 636
47 67 643
48 69 649
49 70 684
50 72 693
51 74 700
52 75 732
53 77 747
54 79 780
55 81 786
56 83 791
57 85 793
58 87 828
59 89 851
60 91 877
61 93 902
62 94 958
63 95 1009
64 96 1038
65 98 1045
66 100 1061
67 101 1100
68 103 1149
69 104 1216
70 105 1284
71 106 1328
72 108 1372
73 110 1414
74 112 1436
75 113 1468
76 115 1500
77 116 1566
78 118 1613
79 120 1659
80 122 1675
81 123 1713
82 125 1740
83 126 1783
84 127 1847
85 128 1931
86 130 1991
87 132 2033
88 134 2034
89 135 2112
90 137 2187
91 139 2191
92 140 2272
93 141 2337
94 142 2420
95 144 2442
96 146 2489
97 147 2561
98 148 2637
99 150 2650
100 151 2718
101 152 2756
102 154 2795
103 155 2892
104 156 2992
105 157 3067
106 159 3096
107 160 3128
108 162 3145
109 163 3245
110 165 3306
111 167 3352
112 168 3381
113 169 3488
114 170 3590
115 172 3665
116 174 3727
117 176 3743
118 178 3831
119 180 3851
120 182 3852
121 183 3919
122 185 3945
123 186 4008
124 187 4118
125 189 4212
126 190 4266
127 191 4392
128 192 4453
129 193 4562
130 195 4659
131 197 4670
132 199 4697
133 201 4717
134 203 4809
135 204 4920
136 206 4989
137 208 4990
138 210 5016
139 211 5114
140 212 5245
141 214 5300
142 216 5406
143 217 5531
144 218 5673
145 220 5707
146 222 5721
147 223 5795
148 224 5862
149 225 5998
150 226 6104
151 228 6115
152 230 6125
153 231 6218
154 233 6312
155 234 6465
156 236 6513
157 237 6616
158 238 6766
159 240 6898
160 241 6978
161 242 7092
162 244 7192
163 246 7256
164 247 7341
165 249 7387
166 251 7421
167 253 7428
168 254 7595
169 256 7671
170 258 7733
171 259 7820
172 261 7902
173 262 8034
174 264 8092
175 265 8172
176 267 8182
177 268 8209
178 270 8209
179 271 8303
180 273 8315
181 274 8369
182 276 8413
183 277 8562
184 279 8675
185 280 8845
186 282 8988
187 283 9173
188 285 9208
189 286 9271
190 288 9358
191 289 9498
192 290 9641
193 291 9780
194 293 9927
195 295 9974
196 296 10107
197 298 10113
198 299 10310
199 300 10441
200 302 10459
201 304 10465
202 306 10505
203 307 10634
204 309 10801
205 311 10847
206 313 10866
207 314 11054
208 316 11144
209 317 11301
210 319 11314
211 320 11343
212 321 11502
213 323 11568
214 324 11779
215 326 11781
216 327 11976
217 329 12067
218 330 12282
219 332 12303
220 334 12398
221 336 12414
222 337 12523
223 339 12562
224 341 12663
225 343 12723
226 345 12745
227 346 12776
228 348 12847
229 349 13013
230 350 13209
231 352 13232
232 353 13408
233 354 13571
234 356 13747
235 358 13798
236 359 14024
237 361 14147
238 362 14328
239 364 14339
240 365 14562
241 366 14765
242 368 14814
243 369 14884
244 370 15087
245 371 15286
246 373 15360
247 374 15449
248 376 15506
249 377 15739
250 378 15865
251 379 16028
252 381 16186
253 383 16344
254 384 16470
255 386 16492
256 388 16638
257 389 16792
258 390 17023
259 392 17164
260 394 17247
261 395 17340
262 396 17509
263 397 17707
264 399 17730
265 401 17744
266 402 18009
267 404 18027
268 406 18082
269 407 18186
270 409 18391
271 411 18422
272 413 18487
273 414 18651
274 416 18672
275 417 18869
276 419 18995
277 421 19003
278 423 19035
279 424 19124
280 425 19291
281 427 19364
282 429 19372
283 430 19444
284 431 19709
285 433 19760
286 435 19761
287 436 19798
288 437 20032
289 438 20293
290 440 20488
291 441 20722
292 443 20806
293 444 20908
294 446 20969
295 447 21086
296 449 21102
297 450 21164
298 452 21198
299 453 21284
300 454 21467
301 455 21734
302 457 21749
303 458 21904
304 460 22061
305 462 22103
306 464 22372
307 465 22667
308 467 22919
309 469 22920
310 470 23213
311 472 23353
312 474 23439
313 475 23634
314 477 23847
315 478 24106
316 480 24361
317 482 24578
318 483 24888
319 485 24965
320 487 25152
321 488 25362
322 490 25378
323 491 25667
324 492 25877
325 494 25964
326 495 26270
327 496 26504
328 498 26538
329 500 26554
330 502 26764
331 504 26875
332 505 27063
333 506 27298
334 508 27461
335 510 27491
336 512 27656
337 514 27780
338 516 28009
339 518 28117
340 520 28122
341 521 28218
342 522 28475
343 523 28795
344 524 29111
345 526 29268
346 528 29530
347 530 29775
348 531 30044
349 533 30172
350 534 30509
351 536 30519
352 537 30750
353 538 30975
354 540 31169
355 541 31522
356 542 31721
357 544 31893
358 546 32014
359 548 32122
360 550 32190
361 552 32198
362 554 32435
363 555 32712
364 557 32977
365 558 33272
366 560 33447
367 561 33767
368 563 33832
369 564 33903
370 566 33975
371 568 34047
372 570 34222
373 571 34574
374 573 34854
375 575 34862
376 577 34877
377 578 35074
378 580 35349
379 582 35521
380 584 35722
381 586 35847
382 588 36029
383 590 36113
384 592 36354
385 594 36372
386 596 36455
387 597 36542
388 599 36756
389 601 36839
390 603 37046
391 604 37328
392 606 37420
393 607 37750
394 609 37800
395 610 38032
396 612 38282
397 614 38528
398 615 38716
399 616 38902
400 617 39081
401 618 39349
402 620 39469
403 621 39698
404 623 39806
405 625 39829
406 627 40066
407 628 40451
408 630 40688
409 631 41081
410 633 41095
411 634 41405
412 636 41532
413 637 41744
414 638 42142
415 639 42539
416 641 42619
417 642 42961
418 644 43305
419 646 43459
420 647 43729
421 648 44146
422 650 44459
423 651 44833
424 652 45184
425 653 45558
426 655 45761
427 657 45957
428 659 46173
429 660 46427
430 662 46669
431 663 47085
432 664 47485
433 666 47861
434 668 47931
435 669 48289
436 670 48694
437 671 49024
438 673 49194
439 675 49252
440 676 49561
441 677 49745
442 678 50141
443 679 50430
444 680 50683
445 681 50899
446 683 51173
447 684 51521
448 685 51946
449 687 51985
450 689 52056
451 690 52323
452 692 52357
453 693 52773
454 695 52831
455 696 53244
456 697 53610
457 699 53729
458 701 53739
459 702 54176
460 703 54578
461 704 54839
462 706 55092
463 708 55287
464 710 55337
465 711 55675
466 713 55798
467 715 55820
468 717 56049
469 719 56194
470 721 56582
471 722 56987
472 723 57342
473 725 57508
474 727 57759
475 729 57911
476 730 58149
477 731 58538
478 733 58604
479 735 58657
480 736 59099
481 737 59560
482 739 59900
483 741 59902
484 742 60146
485 743 60384
486 745 60642
487 747 60792
488 749 61169
489 751 61440
490 752 61894
491 754 62041
492 755 62433
493 756 62662
494 758 62846
495 759 63301
496 761 63412
497 762 63561
498 763 63852
499 765 64034
500 767 64343
501 769 64380
502 771 64831
503 773 65025
504 775 65241
505 776 65459
506 778 65646
507 779 66145
508 781 66280
509 783 66371
510 785 66417
511 786 66845
512 788 66918
513 789 67148
514 791 67386
515 793 67535
516 795 67845
517 797 67862
518 799 68188
519 801 68211
520 802 68518
521 804 68624
522 806 68624
523 807 68653
524 809 69017
525 811 69217
526 812 69530
527 813 69833
528 814 70205
529 815 70319
530 817 70644
531 819 70646
532 820 71143
533 822 71418
534 824 71441
535 825 71637
536 826 71969
537 828 72012
538 830 72020
539 831 72311
540 833 72450
541 834 72844
542 836 73046
543 838 73084
544 839 73538
545 840 74015
546 842 74208
547 843 74450
548 844 74953
549 846 75308
550 848 75576
551 850 75664
552 851 76140
553 853 76214
554 855 76686
555 857 76803
556 858 77102
557 859 77352
558 861 77587
559 862 78089
560 864 78260
561 866 78302
562 868 78603
563 870 78741
564 872 78870
565 873 79196
566 875 79352
567 876 79841
568 878 80214
569 880 80375
570 882 80610
571 883 80934
572 884 81313
573 885 81558
574 887 81921
575 889 82206
576 891 82387
577 892 82761
578 894 83105
579 895 83618
580 897 83784
581 898 84220
582 899 84617
583 900 85089
584 901 85608
585 902 85921
586 904 85939
587 905 86184
588 906 86560
589 907 86826
590 908 87410
591 909 87980
592 911 88079
593 912 88384
594 913 88894
595 915 89134
596 917 89197
597 918 89278
598 919 89828
599 921 90066
600 923 90113
601 924 90301
602 925 90898
603 927 91347
604 929 91593
605 931 91739
606 933 91886
607 934 92105
608 935 92661
609 937 92957
610 939 93117
611 941 93248
612 943 93393
613 944 93765
614 946 93790
615 947 93875
616 949 94357
617 951 94787
618 953 95148
619 955 95408
620 956 95909
621 958 96035
622 960 96064
623 961 96685
624 962 97143
625 963 97711
626 965 97741
627 966 98036
628 968 98465
629 969 99070
630 971 99405
631 972 99893
632 973 100487
633 975 100813
634 977 100908
635 978 101116
636 979 101609
637 981 101649
638 983 101877
639 984 102318
640 986 102672
641 988 102855
642 990 103207
643 991 103733
644 992 104326
645 994 104468
646 995 105096
647 996 105551
648 998 105915
649 1000 106040
650 1002 106547
651 1004 106776
652 1006 107042
653 1007 107586
654 1009 107814
655 1010 108331
656 1011 108563
657 1013 108606
658 1014 109218
659 1016 109275
660 1018 109294
661 1019 109594
662 1021 109905
663 1022 110544
664 1023 111205
665 1025 111633
666 1027 112271
667 1029 112537
668 1030 113004
669 1032 113215
670 1034 113290
671 1035 113460
672 1036 113899
673 1038 114089
674 1040 114155
675 1041 114297
676 1043 114657
677 1045 114708
678 1046 115343
679 1047 115843
680 1048 116462
681 1049 116691
682 1051 116775
683 1052 116991
684 1054 117127
685 1056 117221
686 1058 117750
687 1060 118152
688 1062 118292
689 1063 118772
690 1065 118978
691 1067 119135
692 1069 119249
693 1070 119803
694 1071 120390
695 1072 120939
696 1074 121246
697 1076 121548
698 1078 121693
699 1080 121804
700 1082 122365
701 1083 123039
702 1085 123339
703 1087 123410
704 1089 123593
705 1091 123712
706 1093 123933
707 1094 124242
708 1096 124861
709 1097 125489
710 1099 125620
711 1100 126178
712 1102 126358
713 1103 127044
714 1105 127591
715 1107 127666
716 1109 127749
717 1110 128144
718 1112 128377
719 1114 128605
720 1115 129242
721 1116 129710
722 1118 129858
723 1120 129910
724 1122 130244
725 1124 130293
726 1125 130922
727 1127 131326
728 1129 131429
729 1130 131950
730 1131 132471
731 1132 133166
732 1134 133669
733 1135 134260
734 1137 134765
735 1139 135205
736 1140 135658
737 1141 136139
738 1143 136642
739 1145 137010
740 1146 137146
741 1147 137801
742 1149 138023
743 1150 138359
744 1152 138717
745 1153 139247
746 1155 139397
747 1156 139852
748 1157 140537
749 1159 140947
750 1160 141657
751 1161 142266
752 1163 142423
753 1165 142541
754 1166 143202
755 1168 143433
756 1169 144082
757 1171 144372
758 1172 145029
759 1174 145047
760 1175 145625
761 1177 145800
762 1179 146265
763 1181 146614
764 1182 147129
765 1183 147859
766 1185 148398
767 1187 148631
768 1189 149103
769 1191 149414
770 1192 150047
771 1193 150676
772 1194 151403
773 1195 151995
774 1196 152711
775 1198 153038
776 1200 153134
777 1201 153726
778 1203 153777
779 1205 153822
780 1207 154066
781 1208 154565
782 1209 155243
783 1211 155379
784 1213 155730
785 1215 156036
786 1217 156421
787 1219 156672
788 1220 157305
789 1222 157320
790 1224 157323
791 1225 157774
792 1227 157975
793 1228 158463
794 1229 158994
795 1230 159455
796 1232 159629
797 1233 159944
798 1234 160678
799 1235 161353
800 1236 162007
801 1238 162297
802 1240 162527
803 1241 163139
804 1242 163779
805 1243 164471
806 1244 165157
807 1245 165919
808 1246 166427
809 1247 167178
810 1249 167190
811 1250 167991
812 1252 168450
813 1253 169169
814 1255 169295
815 1256 169834
816 1258 170061
817 1259 170303
818 1261 170324
819 1262 170927
820 1263 171730
821 1265 172258
822 1266 173056
823 1268 173244
824 1270 173466
825 1271 173998
826 1273 174381
827 1275 174489
828 1277 175063
829 1279 175386
830 1281 175390
831 1282 175522
832 1284 176168
833 1285 176952
834 1286 177736
835 1288 178218
836 1289 178895
837 1291 179244
838 1293 179392
839 1295 179476
840 1297 179765
841 1299 179928
842 1301 180523
843 1303 181003
844 1305 181086
845 1306 181526
846 1308 181747
847 1310 181784
848 1312 182500
849 1313 183297
850 1315 183957
851 1316 184653
852 1317 185151
853 1318 185795
854 1319 186387
855 1321 186825
856 1323 186888
857 1324 187047
858 1326 187613
859 1327 188270
860 1329 188466
861 1330 188732
862 1331 189557
863 1333 190124
864 1334 190905
865 1336 191361
866 1338 192154
867 1340 192772
868 1342 193298
869 1344 193393
870 1346 193791
871 1348 193791
872 1350 194060
873 1352 194233
874 1354 194426
875 1356 194485
876 1357 195128
877 1359 195242
878 1361 195339
879 1362 195540
880 1363 196161
881 1364 196962
882 1366 197568
883 1367 198428
884 1369 198706
885 1371 198757
886 1373 199188
887 1375 199222
888 1376 200011
889 1377 200740
890 1379 201464
891 1381 201580
892 1383 202265
893 1385 202631
894 1387 203028
895 1388 203636
896 1389 204157
897 1391 204175
898 1393 204245
899 1394 204449
900 1396 204560
901 1397 205048
902 1398 205820
903 1400 205907
904 1402 206590
905 1404 207237
906 1406 207379
907 1408 207518
908 1410 208309
909 1411 209140
910 1413 209486
911 1415 209705
912 1416 210454
913 1417 211118
914 1419 211321
915 1420 212032
916 1422 212762
917 1424 213081
918 1426 213840
919 1428 214470
920 1430 214645
921 1431 214908
922 1433 215342
923 1434 215906
924 1436 216222
925 1437 217102
926 1439 217404
927 1440 217943
928 1441 218858
929 1443 219236
930 1445 219663
931 1446 220349
932 1447 220900
933 1448 221206
934 1449 221995
935 1451 222338
936 1452 222991
937 1453 223580
938 1455 223745
939 1456 223963
940 1458 224481
941 1460 224688
942 1462 225135
943 1464 225178
944 1465 226106
945 1467 226766
946 1468 227559
947 1469 228283
948 1470 228953
949 1472 229245
950 1474 229357
951 1475 230248
952 1477 230825
953 1478 231404
954 1480 231927
955 1481 232506
956 1482 232713
957 1483 233217
958 1485 233433
959 1487 233614
960 1488 234547
961 1490 235214
962 1491 236134
963 1493 236673
964 1495 237327
965 1497 237739
966 1498 238311
967 1500 238706
968 1502 238802
969 1503 239208
970 1505 239843
971 1507 240140
972 1508 240772
973 1509 241555
974 1511 241891
975 1513 242155
976 1515 242661
977 1516 243490
978 1518 244165
979 1519 245048
980 1521 245836
981 1522 246659
982 1523 247481
983 1525 247554
984 1527 247659
985 1529 247712
986 1531 248382
987 1533 248699
988 1535 248925
989 1536 249854
990 1538 250371
991 1540 250578
992 1542 250856
993 1544 250981
994 1546 251399
995 1548 251410
996 1550 251633
997 1551 252306
998 1553 252377
999 1554 252704
1000 1556 252837
